-262
-176
71
307
160
274
-145
324
413
-51
250
-303
-479
205
-114
-134
241
-363
-244
420
-460
-4
223
-52
72
-199
55
213
1
-306
80
-309
56
-144
-169
249
-21
-219
388
351
113
436
381
67
-336
-430
43
-342
-40
-198
339
-231
54
-125
-36
-500
294
153
18
-112
251
-311
404
-481
134
377
-128
294
135
-256
-172
238
-436
174
490
51
338
-104
-306
36
199
9
284
64
-343
127
-211
-170
-81
156
-171
-387
-402
35
174
-432
-456
355
460
-368
-318
394
-468
-294
-391
-3
-304
-399
-468
84
157
356
-103
173
1
38
138
218
104
-238
-450
-125
-274
120
235
-428
-487
452
443
-287
171
3
450
411
352
-419
-21
320
154
-438
-131
71
261
460
411
-75
341
-123
313
225
-441
343
131
-228
41
-459
251
-428
354
-189
-421
467
-279
483
31
-401
-397
242
-264
44
-106
-306
-303
38
172
-246
83
140
470
-317
71
267
71
-75
264
-392
284
153
90
-134
190
-31
219
181
-63
404
-394
-330
311
-316
63
-89
16
-155
173
-339
46
114
-47
455
-140
424
-178
63
-168
365
-120
-78
282
148
-60
345
243
-169
123
-254
76
58
-281
-116
284
63
448
262
-240
-132
484
-37
-42
482
-94
-500
243
-465
-209
110
-484
30
-362
411
-191
-494
-193
-273
-281
376
-178
-478
290
341
465
206
342
-218
441
66
23
69
84
448
85
-342
-404
-462
-29
-136
-341
-359
-229
-125
410
96
-245
-262
-238
330
-193
-406
84
-91
82
439
-278
251
-421
240
-168
311
-6
-323
-1
345
420
206
219
90
339
429
-403
109
157
-193
-462
248
327
90
-110
-420
298
-443
443
289
-158
-144
400
336
-56
-74
452
388
-377
390
288
-268
265
168
369
116
450
-489
149
296
147
-109
-445
-188
36
-458
-174
52
78
-347
-166
14
214
-274
-344
-449
189
249
-98
494
-44
270
109
89
16
-408
-273
-58
-204
305
-97
-349
-365
-156
-416
-13
85
263
-450
61
-92
-232
-413
-92
13
-56
292
214
-367
280
-362
-8
72
-298
-1
-96
167
85
-300
74
130
253
36
-248
-252
-427
-228
295
-60
-169
201
446
89
-409
-385
187
-77
-67
-126
-144
-305
-172
-148
108
171
-476
288
-188
-327
-142
131
341
322
-48
138
-351
-49
-455
446
337
-261
-296
201
-118
-341
275
245
373
-413
-385
257
-445
-252
471
135
448
-349
389
352
339
-206
-486
-149
210
323
-387
-188
-40
-18
-477
-161
-286
257
50
-284
-292
59
35
268
-236
61
-6
137
247
-356
211
215
184
-482
-115
96
427
179
39
-456
-239
-326
-439
-210
-295
308
213
132
-223
-446
-24
170
467
-492
-432
-103
176
-223
178
372
434
175
-132
385
-390
-481
-201
388
404
164
-105
-264
-111
20
500
226
-399
425
-177
-4
387
111
44
-410
-310
-297
12
489
-32
74
448
229
-478
-460
-247
444
42
-188
-159
1
-98
262
-340
-482
-145
200
-140
-137
140
-191
-259
13
-218
331
-437
140
-237
399
-104
411
334
-470
466
68
471
-214
-270
-345
-151
418
-98
172
-360
-411
247
-109
33
483
194
127
393
140
202
-268
-73
-254
86
-344
-64
493
-181
431
119
-163
-41
55
-366
-289
168
-359
94
54
200
319
-293
383
-359
-184
205
222
420
36
431
-362
-60
430
499
288
-352
171
455
78
439
-339
-175
-431
70
45
471
236
-379
-312
-175
359
400
-351
244
-470
283
-174
401
496
-77
484
-79
-190
-47
263
456
341
415
152
455
256
-220
-345
297
-308
-391
-366
-311
-474
280
126
131
-227
120
80
127
-264
110
-263
-264
203
-474
-133
-419
204
298
-12
-363
14
366
119
-20
229
165
-118
-312
372
-104
3
-15
-360
-333
-303
-269
-467
-82
282
492
-485
447
-224
473
-78
-273
260
187
-293
275
-291
-433
-319
449
477
-51
387
131
1
204
-168
387
-32
408
-248
-63
-86
294
-458
122
252
344
-111
237
-180
-97
126
461
260
85
108
49
37
156
396
221
305
-461
33
-389
-38
-33
346
398
-457
398
-249
31
50
-95
252
-460
71
-104
28
283
145
485
-450
-306
-202
-50
-93
405
-189
292
347
-208
-28
-330
-68
-199
127
441
-445
206
29
425
-355
-26
349
161
-38
-408
239
12
-385
-316
297
99
460
415
212
59
-362
-98
-77
-169
-39
-475
-317
-36
104
418
229
417
-294
403
-35
-408
-244
-169
208
164
428
228
315
-333
235
250
-374
-407
-384
223
-40
149
-129
-413
36
224
-107
244
310
498
23
126
472
-337
-113
63
-111
-456
286
-326
434
-157
79
392
175
383
-347
-334
389
-352
-317
287
229
-448
-71
-185
-184
247
287
484
-44
-205
141
-315
-380
420
-366
483
-293
-497
137
283
-241
-488
-31
9
375
10
56
326
-495
122
403
5
-257
-278
102
175
-13
-36
-81
-48
-419
115
114
-494
-250
403
60
-216
134
143
70
339
345
-288
-450
-311
-349
-444
168
-143
-463
-352
374
-467
183
91
358
117
-195
-161
442
-411
-450
-389
-74
-318
-335
188
-209
125
176
208
216
109
86
306
75
-319
489
-34
267
92
-132
453
-464
-405
286
-194
-170
-123
419
-112
339
-431
276
-63
363
63
-434
-201
-18
-363
-376
211
380
-219
